1000
0 0
2289648 2289648
4579296 4579296
6868944 6868944
9158592 9158592
11448240 11448240
13737888 13737888
16027536 16027536
18317184 18317184
20606832 20606832
0 8295850
2289648 10585498
4579296 12875146
6868944 15164794
9158592 17454442
11448240 19744090
13737888 22033738
16027536 24323386
18317184 26613034
20606832 28902682
0 16591700
2289648 18881348
4579296 21170996
6868944 23460644
9158592 25750292
11448240 28039940
13737888 30329588
16027536 32619236
18317184 34908884
20606832 37198532
0 24887550
2289648 27177198
4579296 29466846
6868944 31756494
9158592 34046142
11448240 36335790
13737888 38625438
16027536 40915086
18317184 43204734
20606832 45494382
0 33183400
2289648 35473048
4579296 37762696
6868944 40052344
9158592 42341992
11448240 44631640
13737888 46921288
16027536 49210936
18317184 51500584
20606832 53790232
0 41479250
2289648 43768898
4579296 46058546
6868944 48348194
9158592 50637842
11448240 52927490
13737888 55217138
16027536 57506786
18317184 59796434
20606832 62086082
0 49775100
2289648 52064748
4579296 54354396
6868944 56644044
9158592 58933692
11448240 61223340
13737888 63512988
16027536 65802636
18317184 68092284
20606832 70381932
0 58070950
2289648 60360598
4579296 62650246
6868944 64939894
9158592 67229542
11448240 69519190
13737888 71808838
16027536 74098486
18317184 76388134
20606832 78677782
0 66366800
2289648 68656448
4579296 70946096
6868944 73235744
9158592 75525392
11448240 77815040
13737888 80104688
16027536 82394336
18317184 84683984
20606832 86973632
0 74662650
2289648 76952298
4579296 79241946
6868944 81531594
9158592 83821242
11448240 86110890
13737888 88400538
16027536 90690186
18317184 92979834
20606832 95269482
6881226 0
9170874 2289648
11460522 4579296
13750170 6868944
16039818 9158592
18329466 11448240
20619114 13737888
22908762 16027536
25198410 18317184
27488058 20606832
6881226 8295850
9170874 10585498
11460522 12875146
13750170 15164794
16039818 17454442
18329466 19744090
20619114 22033738
22908762 24323386
25198410 26613034
27488058 28902682
6881226 16591700
9170874 18881348
11460522 21170996
13750170 23460644
16039818 25750292
18329466 28039940
20619114 30329588
22908762 32619236
25198410 34908884
27488058 37198532
6881226 24887550
9170874 27177198
11460522 29466846
13750170 31756494
16039818 34046142
18329466 36335790
20619114 38625438
22908762 40915086
25198410 43204734
27488058 45494382
6881226 33183400
9170874 35473048
11460522 37762696
13750170 40052344
16039818 42341992
18329466 44631640
20619114 46921288
22908762 49210936
25198410 51500584
27488058 53790232
6881226 41479250
9170874 43768898
11460522 46058546
13750170 48348194
16039818 50637842
18329466 52927490
20619114 55217138
22908762 57506786
25198410 59796434
27488058 62086082
6881226 49775100
9170874 52064748
11460522 54354396
13750170 56644044
16039818 58933692
18329466 61223340
20619114 63512988
22908762 65802636
25198410 68092284
27488058 70381932
6881226 58070950
9170874 60360598
11460522 62650246
13750170 64939894
16039818 67229542
18329466 69519190
20619114 71808838
22908762 74098486
25198410 76388134
27488058 78677782
6881226 66366800
9170874 68656448
11460522 70946096
13750170 73235744
16039818 75525392
18329466 77815040
20619114 80104688
22908762 82394336
25198410 84683984
27488058 86973632
6881226 74662650
9170874 76952298
11460522 79241946
13750170 81531594
16039818 83821242
18329466 86110890
20619114 88400538
22908762 90690186
25198410 92979834
27488058 95269482
13762452 0
16052100 2289648
18341748 4579296
20631396 6868944
22921044 9158592
25210692 11448240
27500340 13737888
29789988 16027536
32079636 18317184
34369284 20606832
13762452 8295850
16052100 10585498
18341748 12875146
20631396 15164794
22921044 17454442
25210692 19744090
27500340 22033738
29789988 24323386
32079636 26613034
34369284 28902682
13762452 16591700
16052100 18881348
18341748 21170996
20631396 23460644
22921044 25750292
25210692 28039940
27500340 30329588
29789988 32619236
32079636 34908884
34369284 37198532
13762452 24887550
16052100 27177198
18341748 29466846
20631396 31756494
22921044 34046142
25210692 36335790
27500340 38625438
29789988 40915086
32079636 43204734
34369284 45494382
13762452 33183400
16052100 35473048
18341748 37762696
20631396 40052344
22921044 42341992
25210692 44631640
27500340 46921288
29789988 49210936
32079636 51500584
34369284 53790232
13762452 41479250
16052100 43768898
18341748 46058546
20631396 48348194
22921044 50637842
25210692 52927490
27500340 55217138
29789988 57506786
32079636 59796434
34369284 62086082
13762452 49775100
16052100 52064748
18341748 54354396
20631396 56644044
22921044 58933692
25210692 61223340
27500340 63512988
29789988 65802636
32079636 68092284
34369284 70381932
13762452 58070950
16052100 60360598
18341748 62650246
20631396 64939894
22921044 67229542
25210692 69519190
27500340 71808838
29789988 74098486
32079636 76388134
34369284 78677782
13762452 66366800
16052100 68656448
18341748 70946096
20631396 73235744
22921044 75525392
25210692 77815040
27500340 80104688
29789988 82394336
32079636 84683984
34369284 86973632
13762452 74662650
16052100 76952298
18341748 79241946
20631396 81531594
22921044 83821242
25210692 86110890
27500340 88400538
29789988 90690186
32079636 92979834
34369284 95269482
20643678 0
22933326 2289648
25222974 4579296
27512622 6868944
29802270 9158592
32091918 11448240
34381566 13737888
36671214 16027536
38960862 18317184
41250510 20606832
20643678 8295850
22933326 10585498
25222974 12875146
27512622 15164794
29802270 17454442
32091918 19744090
34381566 22033738
36671214 24323386
38960862 26613034
41250510 28902682
20643678 16591700
22933326 18881348
25222974 21170996
27512622 23460644
29802270 25750292
32091918 28039940
34381566 30329588
36671214 32619236
38960862 34908884
41250510 37198532
20643678 24887550
22933326 27177198
25222974 29466846
27512622 31756494
29802270 34046142
32091918 36335790
34381566 38625438
36671214 40915086
38960862 43204734
41250510 45494382
20643678 33183400
22933326 35473048
25222974 37762696
27512622 40052344
29802270 42341992
32091918 44631640
34381566 46921288
36671214 49210936
38960862 51500584
41250510 53790232
20643678 41479250
22933326 43768898
25222974 46058546
27512622 48348194
29802270 50637842
32091918 52927490
34381566 55217138
36671214 57506786
38960862 59796434
41250510 62086082
20643678 49775100
22933326 52064748
25222974 54354396
27512622 56644044
29802270 58933692
32091918 61223340
34381566 63512988
36671214 65802636
38960862 68092284
41250510 70381932
20643678 58070950
22933326 60360598
25222974 62650246
27512622 64939894
29802270 67229542
32091918 69519190
34381566 71808838
36671214 74098486
38960862 76388134
41250510 78677782
20643678 66366800
22933326 68656448
25222974 70946096
27512622 73235744
29802270 75525392
32091918 77815040
34381566 80104688
36671214 82394336
38960862 84683984
41250510 86973632
20643678 74662650
22933326 76952298
25222974 79241946
27512622 81531594
29802270 83821242
32091918 86110890
34381566 88400538
36671214 90690186
38960862 92979834
41250510 95269482
27524904 0
29814552 2289648
32104200 4579296
34393848 6868944
36683496 9158592
38973144 11448240
41262792 13737888
43552440 16027536
45842088 18317184
48131736 20606832
27524904 8295850
29814552 10585498
32104200 12875146
34393848 15164794
36683496 17454442
38973144 19744090
41262792 22033738
43552440 24323386
45842088 26613034
48131736 28902682
27524904 16591700
29814552 18881348
32104200 21170996
34393848 23460644
36683496 25750292
38973144 28039940
41262792 30329588
43552440 32619236
45842088 34908884
48131736 37198532
27524904 24887550
29814552 27177198
32104200 29466846
34393848 31756494
36683496 34046142
38973144 36335790
41262792 38625438
43552440 40915086
45842088 43204734
48131736 45494382
27524904 33183400
29814552 35473048
32104200 37762696
34393848 40052344
36683496 42341992
38973144 44631640
41262792 46921288
43552440 49210936
45842088 51500584
48131736 53790232
27524904 41479250
29814552 43768898
32104200 46058546
34393848 48348194
36683496 50637842
38973144 52927490
41262792 55217138
43552440 57506786
45842088 59796434
48131736 62086082
27524904 49775100
29814552 52064748
32104200 54354396
34393848 56644044
36683496 58933692
38973144 61223340
41262792 63512988
43552440 65802636
45842088 68092284
48131736 70381932
27524904 58070950
29814552 60360598
32104200 62650246
34393848 64939894
36683496 67229542
38973144 69519190
41262792 71808838
43552440 74098486
45842088 76388134
48131736 78677782
27524904 66366800
29814552 68656448
32104200 70946096
34393848 73235744
36683496 75525392
38973144 77815040
41262792 80104688
43552440 82394336
45842088 84683984
48131736 86973632
27524904 74662650
29814552 76952298
32104200 79241946
34393848 81531594
36683496 83821242
38973144 86110890
41262792 88400538
43552440 90690186
45842088 92979834
48131736 95269482
34406130 0
36695778 2289648
38985426 4579296
41275074 6868944
43564722 9158592
45854370 11448240
48144018 13737888
50433666 16027536
52723314 18317184
55012962 20606832
34406130 8295850
36695778 10585498
38985426 12875146
41275074 15164794
43564722 17454442
45854370 19744090
48144018 22033738
50433666 24323386
52723314 26613034
55012962 28902682
34406130 16591700
36695778 18881348
38985426 21170996
41275074 23460644
43564722 25750292
45854370 28039940
48144018 30329588
50433666 32619236
52723314 34908884
55012962 37198532
34406130 24887550
36695778 27177198
38985426 29466846
41275074 31756494
43564722 34046142
45854370 36335790
48144018 38625438
50433666 40915086
52723314 43204734
55012962 45494382
34406130 33183400
36695778 35473048
38985426 37762696
41275074 40052344
43564722 42341992
45854370 44631640
48144018 46921288
50433666 49210936
52723314 51500584
55012962 53790232
34406130 41479250
36695778 43768898
38985426 46058546
41275074 48348194
43564722 50637842
45854370 52927490
48144018 55217138
50433666 57506786
52723314 59796434
55012962 62086082
34406130 49775100
36695778 52064748
38985426 54354396
41275074 56644044
43564722 58933692
45854370 61223340
48144018 63512988
50433666 65802636
52723314 68092284
55012962 70381932
34406130 58070950
36695778 60360598
38985426 62650246
41275074 64939894
43564722 67229542
45854370 69519190
48144018 71808838
50433666 74098486
52723314 76388134
55012962 78677782
34406130 66366800
36695778 68656448
38985426 70946096
41275074 73235744
43564722 75525392
45854370 77815040
48144018 80104688
50433666 82394336
52723314 84683984
55012962 86973632
34406130 74662650
36695778 76952298
38985426 79241946
41275074 81531594
43564722 83821242
45854370 86110890
48144018 88400538
50433666 90690186
52723314 92979834
55012962 95269482
41287356 0
43577004 2289648
45866652 4579296
48156300 6868944
50445948 9158592
52735596 11448240
55025244 13737888
57314892 16027536
59604540 18317184
61894188 20606832
41287356 8295850
43577004 10585498
45866652 12875146
48156300 15164794
50445948 17454442
52735596 19744090
55025244 22033738
57314892 24323386
59604540 26613034
61894188 28902682
41287356 16591700
43577004 18881348
45866652 21170996
48156300 23460644
50445948 25750292
52735596 28039940
55025244 30329588
57314892 32619236
59604540 34908884
61894188 37198532
41287356 24887550
43577004 27177198
45866652 29466846
48156300 31756494
50445948 34046142
52735596 36335790
55025244 38625438
57314892 40915086
59604540 43204734
61894188 45494382
41287356 33183400
43577004 35473048
45866652 37762696
48156300 40052344
50445948 42341992
52735596 44631640
55025244 46921288
57314892 49210936
59604540 51500584
61894188 53790232
41287356 41479250
43577004 43768898
45866652 46058546
48156300 48348194
50445948 50637842
52735596 52927490
55025244 55217138
57314892 57506786
59604540 59796434
61894188 62086082
41287356 49775100
43577004 52064748
45866652 54354396
48156300 56644044
50445948 58933692
52735596 61223340
55025244 63512988
57314892 65802636
59604540 68092284
61894188 70381932
41287356 58070950
43577004 60360598
45866652 62650246
48156300 64939894
50445948 67229542
52735596 69519190
55025244 71808838
57314892 74098486
59604540 76388134
61894188 78677782
41287356 66366800
43577004 68656448
45866652 70946096
48156300 73235744
50445948 75525392
52735596 77815040
55025244 80104688
57314892 82394336
59604540 84683984
61894188 86973632
41287356 74662650
43577004 76952298
45866652 79241946
48156300 81531594
50445948 83821242
52735596 86110890
55025244 88400538
57314892 90690186
59604540 92979834
61894188 95269482
48168582 0
50458230 2289648
52747878 4579296
55037526 6868944
57327174 9158592
59616822 11448240
61906470 13737888
64196118 16027536
66485766 18317184
68775414 20606832
48168582 8295850
50458230 10585498
52747878 12875146
55037526 15164794
57327174 17454442
59616822 19744090
61906470 22033738
64196118 24323386
66485766 26613034
68775414 28902682
48168582 16591700
50458230 18881348
52747878 21170996
55037526 23460644
57327174 25750292
59616822 28039940
61906470 30329588
64196118 32619236
66485766 34908884
68775414 37198532
48168582 24887550
50458230 27177198
52747878 29466846
55037526 31756494
57327174 34046142
59616822 36335790
61906470 38625438
64196118 40915086
66485766 43204734
68775414 45494382
48168582 33183400
50458230 35473048
52747878 37762696
55037526 40052344
57327174 42341992
59616822 44631640
61906470 46921288
64196118 49210936
66485766 51500584
68775414 53790232
48168582 41479250
50458230 43768898
52747878 46058546
55037526 48348194
57327174 50637842
59616822 52927490
61906470 55217138
64196118 57506786
66485766 59796434
68775414 62086082
48168582 49775100
50458230 52064748
52747878 54354396
55037526 56644044
57327174 58933692
59616822 61223340
61906470 63512988
64196118 65802636
66485766 68092284
68775414 70381932
48168582 58070950
50458230 60360598
52747878 62650246
55037526 64939894
57327174 67229542
59616822 69519190
61906470 71808838
64196118 74098486
66485766 76388134
68775414 78677782
48168582 66366800
50458230 68656448
52747878 70946096
55037526 73235744
57327174 75525392
59616822 77815040
61906470 80104688
64196118 82394336
66485766 84683984
68775414 86973632
48168582 74662650
50458230 76952298
52747878 79241946
55037526 81531594
57327174 83821242
59616822 86110890
61906470 88400538
64196118 90690186
66485766 92979834
68775414 95269482
55049808 0
57339456 2289648
59629104 4579296
61918752 6868944
64208400 9158592
66498048 11448240
68787696 13737888
71077344 16027536
73366992 18317184
75656640 20606832
55049808 8295850
57339456 10585498
59629104 12875146
61918752 15164794
64208400 17454442
66498048 19744090
68787696 22033738
71077344 24323386
73366992 26613034
75656640 28902682
55049808 16591700
57339456 18881348
59629104 21170996
61918752 23460644
64208400 25750292
66498048 28039940
68787696 30329588
71077344 32619236
73366992 34908884
75656640 37198532
55049808 24887550
57339456 27177198
59629104 29466846
61918752 31756494
64208400 34046142
66498048 36335790
68787696 38625438
71077344 40915086
73366992 43204734
75656640 45494382
55049808 33183400
57339456 35473048
59629104 37762696
61918752 40052344
64208400 42341992
66498048 44631640
68787696 46921288
71077344 49210936
73366992 51500584
75656640 53790232
55049808 41479250
57339456 43768898
59629104 46058546
61918752 48348194
64208400 50637842
66498048 52927490
68787696 55217138
71077344 57506786
73366992 59796434
75656640 62086082
55049808 49775100
57339456 52064748
59629104 54354396
61918752 56644044
64208400 58933692
66498048 61223340
68787696 63512988
71077344 65802636
73366992 68092284
75656640 70381932
55049808 58070950
57339456 60360598
59629104 62650246
61918752 64939894
64208400 67229542
66498048 69519190
68787696 71808838
71077344 74098486
73366992 76388134
75656640 78677782
55049808 66366800
57339456 68656448
59629104 70946096
61918752 73235744
64208400 75525392
66498048 77815040
68787696 80104688
71077344 82394336
73366992 84683984
75656640 86973632
55049808 74662650
57339456 76952298
59629104 79241946
61918752 81531594
64208400 83821242
66498048 86110890
68787696 88400538
71077344 90690186
73366992 92979834
75656640 95269482
61931034 0
64220682 2289648
66510330 4579296
68799978 6868944
71089626 9158592
73379274 11448240
75668922 13737888
77958570 16027536
80248218 18317184
82537866 20606832
61931034 8295850
64220682 10585498
66510330 12875146
68799978 15164794
71089626 17454442
73379274 19744090
75668922 22033738
77958570 24323386
80248218 26613034
82537866 28902682
61931034 16591700
64220682 18881348
66510330 21170996
68799978 23460644
71089626 25750292
73379274 28039940
75668922 30329588
77958570 32619236
80248218 34908884
82537866 37198532
61931034 24887550
64220682 27177198
66510330 29466846
68799978 31756494
71089626 34046142
73379274 36335790
75668922 38625438
77958570 40915086
80248218 43204734
82537866 45494382
61931034 33183400
64220682 35473048
66510330 37762696
68799978 40052344
71089626 42341992
73379274 44631640
75668922 46921288
77958570 49210936
80248218 51500584
82537866 53790232
61931034 41479250
64220682 43768898
66510330 46058546
68799978 48348194
71089626 50637842
73379274 52927490
75668922 55217138
77958570 57506786
80248218 59796434
82537866 62086082
61931034 49775100
64220682 52064748
66510330 54354396
68799978 56644044
71089626 58933692
73379274 61223340
75668922 63512988
77958570 65802636
80248218 68092284
82537866 70381932
61931034 58070950
64220682 60360598
66510330 62650246
68799978 64939894
71089626 67229542
73379274 69519190
75668922 71808838
77958570 74098486
80248218 76388134
82537866 78677782
61931034 66366800
64220682 68656448
66510330 70946096
68799978 73235744
71089626 75525392
73379274 77815040
75668922 80104688
77958570 82394336
80248218 84683984
82537866 86973632
61931034 74662650
64220682 76952298
66510330 79241946
68799978 81531594
71089626 83821242
73379274 86110890
75668922 88400538
77958570 90690186
80248218 92979834
82537866 95269482
